ppo_training_info =  defaultdict(<class 'list'>, {
'eprewmean': [1.8, 2.2338, 2.5302666666666664, 2.9316000000000004, 2.9588400000000004, 3.0356400000000003, 3.13164, 3.348719999999999], 
'ep_dense_rew_mean': [1.8, 2.25, 2.566666666666667, 3.0, 3.06, 3.18, 3.33, 3.6], 
'ep_sparse_rew_mean': [0.0, 0.0, 0.0, 0.0, 0.0, 0.0, 0.0, 0.0], 
'eplenmean': [400.0, 400.0, 400.0, 400.0, 400.0, 400.0, 400.0, 400.0], 
'explained_variance': [-0.0025718212127685547, 0.006038486957550049, 0.009461581707000732, 0.034217000007629395, 0.0673072338104248, 0.08995425701141357, 0.11236798763275146, 0.1399415135383606], 
'policy_loss': [-0.00032039444, -0.0010903482, -0.001213881, -0.0023176267, -0.002705685, -0.0034684078, -0.0034433608, -0.003722589], 
'value_loss': [0.14761202, 0.18482736, 0.20497474, 0.20159332, 0.15111974, 0.18391378, 0.22943969, 0.16417024], 
'policy_entropy': [1.7915539, 1.7913287, 1.7909167, 1.7903017, 1.7894102, 1.7889585, 1.7871654, 1.7865839], 
'approxkl': [0.0002050245, 0.00040474642, 0.00026330823, 0.0004066787, 0.00039525563, 0.0003739743, 0.0004815639, 0.00041972782], 
'clipfrac': [0.010437498, 0.036135405, 0.021968748, 0.068166666, 0.07880209, 0.069760405, 0.1038229, 0.083843745]})



BERKELEY MODELS

ppo_bc_models_performance =  {
'simple': {
'PPO_BC_train+BC_test_0': [153.0, 157.0, 162.5, 155.0, 154.5], 
'PPO_BC_train+BC_test_1': [161.5, 168.0, 167.5, 158.5, 164.0], 
'PPO_BC_test+BC_test_0': [167.5, 159.0, 162.5, 163.5, 166.0], 
'PPO_BC_test+BC_test_1': [174.5, 169.5, 168.0, 169.0, 168.5]}, 

'unident_s': {
'PPO_BC_train+BC_test_0': [36.0, 156.5, 49.5, 49.5, 71.5], 
'PPO_BC_train+BC_test_1': [169.5, 186.5, 183.5, 178.5, 176.0], 
'PPO_BC_test+BC_test_0': [179.5, 109.5, 132.0, 108.0, 106.0], 
'PPO_BC_test+BC_test_1': [184.0, 191.0, 156.0, 198.5, 196.5]}, 

'random1': {
'PPO_BC_train+BC_test_0': [129.5, 113.5, 129.5, 124.5, 135.0], 
'PPO_BC_train+BC_test_1': [124.0, 126.5, 120.0, 140.5, 138.0], 
'PPO_BC_test+BC_test_0': [158.0, 137.0, 149.0, 147.5, 141.0], 
'PPO_BC_test+BC_test_1': [148.0, 136.5, 142.5, 141.5, 141.5]}, 

'random0': {
'PPO_BC_train+BC_test_0': [47.0, 57.0, 60.5, 64.5, 65.5], 
'PPO_BC_train+BC_test_1': [82.0, 73.5, 70.0, 75.5, 83.5], 
'PPO_BC_test+BC_test_0': [86.5, 76.5, 97.0, 93.0, 101.5], 
'PPO_BC_test+BC_test_1': [72.5, 83.0, 78.5, 78.5, 86.5]}, 

'random3': {'PPO_BC_train+BC_test_0': [69.5, 70.5, 64.5, 65.0, 78.0], 'PPO_BC_train+BC_test_1': [62.0, 58.0, 53.5, 49.5, 65.0], 'PPO_BC_test+BC_test_0': [94.5, 64.5, 92.5, 79.5, 87.0], 'PPO_BC_test+BC_test_1': [89.5, 59.5, 102.0, 81.5, 77.5]}}

ppo_hm_models_performance =  {
'simple': {
'PPO_HM+BC_test': [116.80000000000001, 85.0, 88.8, 105.6, 122.2]}, 

'unident_s': {'PPO_HM+BC_test': [148.2, 129.6, 146.39999999999998, 127.8, 112.6]}, 
'random1': {'PPO_HM+BC_test': [66.19999999999999, 94.6, 97.0, 78.0, 74.6]}, 
'random3': {'PPO_HM+BC_test': [40.2, 33.8, 31.8, 36.0, 33.8]}}

ppo_sp_models_performance =  {
'simple': {
'PPO_SP+PPO_SP': [199.0, 182.0, 208.0, 199.5, 205.5], 
'PPO_SP+BC_test_0': [90.5, 106.5, 106.0, 76.5, 104.5], 
'PPO_SP+BC_test_1': [118.0, 104.5, 120.5, 104.5, 108.5]}, 

'unident_s': {'PPO_SP+PPO_SP': [176.0, 155.5, 168.5, 175.5, 160.5], 'PPO_SP+BC_test_0': [29.5, 51.0, 34.5, 48.0, 24.5], 'PPO_SP+BC_test_1': [98.5, 116.0, 100.0, 98.5, 103.0]}, 'random1': {'PPO_SP+PPO_SP': [196.5, 203.0, 193.5, 175.5, 185.5], 'PPO_SP+BC_test_0': [35.5, 108.5, 50.0, 64.5, 76.0], 'PPO_SP+BC_test_1': [46.0, 113.5, 59.5, 65.5, 79.5]}, 

'random0': {
'PPO_SP+PPO_SP': [153.5, 150.5, 140.5, 163.5, 151.5], 
'PPO_SP+BC_test_0': [24.0, 26.5, 20.5, 31.5, 13.5], 
'PPO_SP+BC_test_1': [38.0, 42.0, 35.5, 63.0, 11.0]}, 

'random3': {'PPO_SP+PPO_SP': [110.0, 131.0, 131.0, 115.0, 124.5], 'PPO_SP+BC_test_0': [33.0, 32.0, 25.0, 29.5, 35.5], 'PPO_SP+BC_test_1': [31.5, 32.5, 25.0, 25.5, 45.5]}}









